         0.000   0.1670236225492288e-01   0.4090928042223415e+00   0.1796256991128036e+01
         1.000   0.1627519714977170e-01   0.4068337899307937e+00   0.2098560774622779e+01
         2.000   0.1585014989173078e-01   0.4046314303285188e+00   0.2397656662447144e+01
         3.000   0.1533970553450452e-01   0.4025410228521181e+00   0.2705314878269721e+01
         4.000   0.1483548077812866e-01   0.4006169797694719e+00   0.3009609116749589e+01
         5.000   0.1431647243633636e-01   0.3989009643996893e+00   0.3313412726335608e+01
         6.000   0.1377452858317541e-01   0.3974365551364828e+00   0.3626109866775195e+01
         7.000   0.1320864570190611e-01   0.3962542271929103e+00   0.3933662662199989e+01
         8.000   0.1257771336773313e-01   0.3953768477282271e+00   0.4244145361432192e+01
         9.000   0.1203963610723036e-01   0.3948181839808562e+00   0.4557756073137259e+01
        10.000   0.1138415500849486e-01   0.3945853345435034e+00   0.4872830962641849e+01
        11.000   0.1073915631301862e-01   0.3946720401314630e+00   0.5187426632934143e+01
        12.000   0.1016219139080416e-01   0.3950691228797494e+00   0.5506731940795374e+01
        13.000   0.9476579424510695e-02   0.3957572928143694e+00   0.5825111448826774e+01
        14.000   0.8868656367526862e-02   0.3967117961147458e+00   0.6151453004498277e+01
        15.000   0.8211698998537232e-02   0.3979020201358350e+00   0.1866843765408319e+00
        16.000   0.7603711281526577e-02   0.3992941376536251e+00   0.5172689572126572e+00
        17.000   0.6971062443147833e-02   0.4008484216004263e+00   0.8512534121814053e+00
        18.000   0.6318723642545676e-02   0.4025258308928679e+00   0.1180337520493885e+01
        19.000   0.5721827451914762e-02   0.4042828925814436e+00   0.1526622014227398e+01
        20.000   0.5150806153665704e-02   0.4060768251415044e+00   0.1875182256766904e+01
        21.000   0.4487587402895977e-02   0.4078678817950374e+00   0.2244599485052895e+01
        22.000   0.3979908081131560e-02   0.4096139556469372e+00   0.2619566829913481e+01
        23.000   0.3454178378783511e-02   0.4112781078873434e+00   0.3028524851557370e+01
        24.000   0.2989736539814954e-02   0.4128266019836861e+00   0.3487297443895345e+01
        25.000   0.2629291373473849e-02   0.4142284859181933e+00   0.3963120653706588e+01
        26.000   0.2402467234566218e-02   0.4154550013101297e+00   0.4495029814898467e+01
        27.000   0.2402736178372211e-02   0.4164848124266383e+00   0.5063632424836285e+01
        28.000   0.2432749086359023e-02   0.4172955566587945e+00   0.5603569960626030e+01
        29.000   0.2733574728372175e-02   0.4178722010786641e+00   0.6110697546315459e+01
        30.000   0.3050709057897540e-02   0.4182009661644990e+00   0.2744059955007563e+00
        31.000   0.3465553030802111e-02   0.4182752552207098e+00   0.7019750778799336e+00
        32.000   0.3897949362259476e-02   0.4180886666926155e+00   0.1086820244859845e+01
        33.000   0.4306840416414067e-02   0.4176438258952639e+00   0.1440042827233223e+01
        34.000   0.4811094418951328e-02   0.4169434632327934e+00   0.1793963904014232e+01
        35.000   0.5227417786656635e-02   0.4160000901079834e+00   0.2121314391110978e+01
        36.000   0.5644939699597085e-02   0.4148270765298482e+00   0.2452029631207884e+01
        37.000   0.6101751559223077e-02   0.4134457824953271e+00   0.2760981075669882e+01
        38.000   0.6505755660203742e-02   0.4118795083744148e+00   0.3078597593517269e+01
        39.000   0.6881835663043395e-02   0.4101609579242741e+00   0.3390693530578631e+01
        40.000   0.7295731568638944e-02   0.4083219781971869e+00   0.3686980646577786e+01
        41.000   0.7651879080164638e-02   0.4064024065010671e+00   0.3997367357470924e+01
        42.000   0.8037124826922835e-02   0.4044466996966598e+00   0.4297060576252777e+01
        43.000   0.8358351307613752e-02   0.4024984239171591e+00   0.4593765597815278e+01
        44.000   0.8712821721223854e-02   0.4006056968905055e+00   0.4892816076433340e+01
        45.000   0.9074629158952159e-02   0.3988204775258308e+00   0.5188914741796671e+01
        46.000   0.9327330533853224e-02   0.3971879852478865e+00   0.5484267714808442e+01
        47.000   0.9693592569084588e-02   0.3957554288908829e+00   0.5776697853022114e+01
        48.000   0.9976731605763657e-02   0.3945702148896051e+00   0.6068445409062975e+01
        49.000   0.1024922769070069e-01   0.3936675842109005e+00   0.8006938256121643e-01
        50.000   0.1053399894079009e-01   0.3930833921849447e+00   0.3679479083235693e+00
        51.000   0.1080410920556134e-01   0.3928446531375407e+00   0.6548179295853327e+00
        52.000   0.1106254163048534e-01   0.3929662623376900e+00   0.9509506343663503e+00
        53.000   0.1128864993508802e-01   0.3934563271753345e+00   0.1230946824233563e+01
        54.000   0.1153982965323986e-01   0.3943146115702177e+00   0.1519874116895002e+01
        55.000   0.1179221834839666e-01   0.3955211757694239e+00   0.1806927883462331e+01
        56.000   0.1197913865239046e-01   0.3970551029194382e+00   0.2089467669875985e+01
        57.000   0.1220133407519370e-01   0.3988800767433634e+00   0.2372066266433480e+01
        58.000   0.1246750515566144e-01   0.4009496299602514e+00   0.2654691036800216e+01
        59.000   0.1260318901372543e-01   0.4032132266877108e+00   0.2934731598070293e+01
        60.000   0.1285920718143669e-01   0.4056174018640757e+00   0.3214621502398161e+01
        61.000   0.1304674100584453e-01   0.4080958707806979e+00   0.3489425476532727e+01
        62.000   0.1323801277734370e-01   0.4105897178539223e+00   0.3769135660575015e+01
        63.000   0.1343823261336282e-01   0.4130381016290885e+00   0.4042905061547241e+01
        64.000   0.1362533205722262e-01   0.4153757614544099e+00   0.4314322820046925e+01
        65.000   0.1382438206332450e-01   0.4175457606380234e+00   0.4590592087752779e+01
        66.000   0.1401203073062542e-01   0.4194956835575798e+00   0.4859841444020204e+01
        67.000   0.1414569431489824e-01   0.4211693225214460e+00   0.5129867179784356e+01
        68.000   0.1440561088939268e-01   0.4225289563137843e+00   0.5400145921597704e+01
        69.000   0.1451036396496929e-01   0.4235357305621333e+00   0.5669234902563396e+01
        70.000   0.1467577816988778e-01   0.4241573788733988e+00   0.5937260480781856e+01
        71.000   0.1487659022388920e-01   0.4243793634818949e+00   0.6204496719162440e+01
        72.000   0.1498587180659110e-01   0.4241895973232971e+00   0.1894909377005440e+00
        73.000   0.1512103379493170e-01   0.4235835124424492e+00   0.4592240362527740e+00
        74.000   0.1526799505419831e-01   0.4225764170462375e+00   0.7225669527510243e+00
        75.000   0.1536262235114066e-01   0.4211841956903320e+00   0.9957860194918409e+00
        76.000   0.1547125126074086e-01   0.4194326266214416e+00   0.1262812445392711e+01
        77.000   0.1554092540495394e-01   0.4173644449305871e+00   0.1531919434468555e+01
        78.000   0.1562798991759902e-01   0.4150208118417769e+00   0.1804149739593797e+01
        79.000   0.1570982055368068e-01   0.4124559637397751e+00   0.2075895066689059e+01
        80.000   0.1568891227556949e-01   0.4097322598995085e+00   0.2348721094342942e+01
        81.000   0.1580046960860794e-01   0.4069117172074793e+00   0.2622413077773256e+01
        82.000   0.1579025106782522e-01   0.4040645943720906e+00   0.2898279242824646e+01
        83.000   0.1577050089839086e-01   0.4012686115431010e+00   0.3174940853086612e+01
        84.000   0.1581094687696586e-01   0.3985894595984156e+00   0.3450793739617486e+01
        85.000   0.1576718620618538e-01   0.3961021589697323e+00   0.3728770108140727e+01
        86.000   0.1573183426274070e-01   0.3938773842136252e+00   0.4009862364862130e+01
        87.000   0.1568194302075705e-01   0.3919713604074002e+00   0.4284609132644839e+01
        88.000   0.1563458215079256e-01   0.3904375784033431e+00   0.4565687310931768e+01
        89.000   0.1555385067805892e-01   0.3893244512576624e+00   0.4845100591886450e+01
        90.000   0.1546358476153822e-01   0.3886534328574762e+00   0.5119808312268956e+01
        91.000   0.1536242105580531e-01   0.3884461810658150e+00   0.5399017819173542e+01
        92.000   0.1530078630382262e-01   0.3887076958018903e+00   0.5672624870723761e+01
        93.000   0.1512782640793512e-01   0.3894210621073808e+00   0.5946696930760858e+01
        94.000   0.1504629599885469e-01   0.3905639854489267e+00   0.6216676559767101e+01
        95.000   0.1494073024077627e-01   0.3921028848904080e+00   0.2016548018153452e+00
        96.000   0.1478095779570299e-01   0.3939830460755566e+00   0.4678818849253430e+00
        97.000   0.1468298465366511e-01   0.3961534842734566e+00   0.7296567102312332e+00
        98.000   0.1457184275107043e-01   0.3985531955332013e+00   0.9854233098055465e+00
        99.000   0.1445783220402744e-01   0.4011111855345526e+00   0.1246761709784040e+01
       100.000   0.1435426732520067e-01   0.4037661658869975e+00   0.1493397575729229e+01
       101.000   0.1428888497014615e-01   0.4064518287566922e+00   0.1743219429384137e+01
       102.000   0.1423777955229315e-01   0.4091011268477253e+00   0.1992197228011936e+01
       103.000   0.1419179935776590e-01   0.4116584922512846e+00   0.2231886328407001e+01
       104.000   0.1418755369892471e-01   0.4140687233780839e+00   0.2473185679133309e+01
       105.000   0.1427808585897115e-01   0.4162776871793852e+00   0.2714656584648644e+01
       106.000   0.1430267638904101e-01   0.4182473952052919e+00   0.2949358130071186e+01
       107.000   0.1445133710407494e-01   0.4199404244506052e+00   0.3187900761289523e+01
       108.000   0.1465012146976983e-01   0.4213242345752930e+00   0.3421593580404821e+01
       109.000   0.1483967526426546e-01   0.4223810330679627e+00   0.3659556910629915e+01
       110.000   0.1510432270030767e-01   0.4230968465256478e+00   0.3895154735584509e+01
       111.000   0.1545222738375797e-01   0.4234598112797373e+00   0.4130216201000966e+01
       112.000   0.1575935476679437e-01   0.4234763031817803e+00   0.4371878949589885e+01
       113.000   0.1619703375381498e-01   0.4231499004219980e+00   0.4611216068945884e+01
       114.000   0.1659356043413570e-01   0.4224922944039508e+00   0.4851798048057988e+01
       115.000   0.1710645534206702e-01   0.4215248015502860e+00   0.5100278060207355e+01
       116.000   0.1757676004000662e-01   0.4202716983127764e+00   0.5346963963293737e+01
       117.000   0.1810799067022345e-01   0.4187575668793379e+00   0.5596062333973151e+01
       118.000   0.1871109637700738e-01   0.4170214703336095e+00   0.5852888503400060e+01
       119.000   0.1926096112546634e-01   0.4150979888255963e+00   0.6107338835868600e+01
       120.000   0.1985638791828979e-01   0.4130276308165347e+00   0.8552732408173735e-01
       121.000   0.2052627040967704e-01   0.4108560158315484e+00   0.3466528802323587e+00
       122.000   0.2112090143929489e-01   0.4086289301415124e+00   0.6131404436945136e+00
       123.000   0.2176284190673779e-01   0.4063898750354142e+00   0.8822310242020244e+00
       124.000   0.2243850778430026e-01   0.4041892254965468e+00   0.1151181759038987e+01
       125.000   0.2305781303708652e-01   0.4020714063972065e+00   0.1426782122434733e+01
       126.000   0.2373298921400578e-01   0.4000787114817803e+00   0.1703233176049022e+01
       127.000   0.2434370175543512e-01   0.3982546989905174e+00   0.1980252180915816e+01
       128.000   0.2502817507619490e-01   0.3966351376177899e+00   0.2262254143801474e+01
       129.000   0.2565706497189680e-01   0.3952531705515028e+00   0.2545646244774025e+01
       130.000   0.2623910937577983e-01   0.3941384588354375e+00   0.2828448820832826e+01
       131.000   0.2693005349547214e-01   0.3933125256439782e+00   0.3115769371382688e+01
       132.000   0.2749581127945198e-01   0.3927906417981392e+00   0.3402076519409434e+01
       133.000   0.2807280732508630e-01   0.3925866626308848e+00   0.3690839264282626e+01
       134.000   0.2867115113848799e-01   0.3926992695951901e+00   0.3978531548607547e+01
       135.000   0.2922686453095819e-01   0.3931252134381691e+00   0.4268237571920242e+01
       136.000   0.2971240076339546e-01   0.3938551318128055e+00   0.4558433217137319e+01
       137.000   0.3026056496100401e-01   0.3948691315325583e+00   0.4846257286500265e+01
       138.000   0.3070299428457910e-01   0.3961402979532905e+00   0.5136828527691067e+01
       139.000   0.3118070845213634e-01   0.3976433960429500e+00   0.5425878663256448e+01
       140.000   0.3156737200848741e-01   0.3993383690874419e+00   0.5714109197005538e+01
       141.000   0.3196292005298206e-01   0.4011871010259742e+00   0.6002138719847739e+01
       142.000   0.3235247535006208e-01   0.4031478012869271e+00   0.6934863875668107e-02
       143.000   0.3262565242859624e-01   0.4051740871005782e+00   0.2930370103123741e+00
       144.000   0.3293343460272291e-01   0.4072182819116736e+00   0.5791764439080493e+00
       145.000   0.3323237857485388e-01   0.4092384054885873e+00   0.8634010668891268e+00
       146.000   0.3339014936841383e-01   0.4111840374211786e+00   0.1148922061704169e+01
       147.000   0.3362303785105029e-01   0.4130133054740469e+00   0.1430907117066721e+01
       148.000   0.3379277168977492e-01   0.4146884674195225e+00   0.1713398047244829e+01
       149.000   0.3390598355309712e-01   0.4161699837407790e+00   0.1995905638578664e+01
       150.000   0.3403338174810972e-01   0.4174264230565565e+00   0.2275752574132706e+01
       151.000   0.3408530999548448e-01   0.4184333032532181e+00   0.2554720568510773e+01
       152.000   0.3419173631124241e-01   0.4191637618385797e+00   0.2835680450501280e+01
       153.000   0.3415965322163292e-01   0.4196028185510523e+00   0.3111980906722580e+01
       154.000   0.3417188446434000e-01   0.4197415847674776e+00   0.3390401832685966e+01
       155.000   0.3417716781507839e-01   0.4195710032762582e+00   0.3667276932974048e+01
       156.000   0.3408585959666750e-01   0.4190947290832215e+00   0.3943730612229815e+01
       157.000   0.3399478798537189e-01   0.4183233896794458e+00   0.4220581367300086e+01
       158.000   0.3394145444618255e-01   0.4172698327822111e+00   0.4495002963828741e+01
       159.000   0.3376606958547087e-01   0.4159597674104518e+00   0.4772739955106229e+01
       160.000   0.3364422855471284e-01   0.4144262028817530e+00   0.5047922004450823e+01
       161.000   0.3346337815650088e-01   0.4127012684656362e+00   0.5322753584374034e+01
       162.000   0.3329564871011870e-01   0.4108325681772101e+00   0.5600549580141776e+01
       163.000   0.3308940013548379e-01   0.4088671068695145e+00   0.5876239651100992e+01
       164.000   0.3284347196653720e-01   0.4068536488834241e+00   0.6151989757137630e+01
       165.000   0.3267812232340431e-01   0.4048475977799935e+00   0.1475054621428509e+00
       166.000   0.3239560047496827e-01   0.4029048444195757e+00   0.4239480887021712e+00
       167.000   0.3216228628194993e-01   0.4010740921339404e+00   0.7020661990745856e+00
       168.000   0.3195599691427330e-01   0.3994117611586344e+00   0.9801685901580868e+00
       169.000   0.3169693652534031e-01   0.3979642763392702e+00   0.1257969997550337e+01
       170.000   0.3145948648577673e-01   0.3967713245297324e+00   0.1537540762834565e+01
       171.000   0.3124687032212203e-01   0.3958699956630491e+00   0.1813274593635493e+01
       172.000   0.3101998734156606e-01   0.3952876729563010e+00   0.2092632780735189e+01
       173.000   0.3080528848436252e-01   0.3950380315684850e+00   0.2369517725326032e+01
       174.000   0.3059089566477213e-01   0.3951309222301124e+00   0.2644870403473127e+01
       175.000   0.3039279106488401e-01   0.3955600019624615e+00   0.2920936431430174e+01
       176.000   0.3023739292174577e-01   0.3963096051729734e+00   0.3196081219811046e+01
       177.000   0.2998439463258112e-01   0.3973582066633288e+00   0.3468239000122500e+01
       178.000   0.2989280687167063e-01   0.3986701323037562e+00   0.3740723442537480e+01
       179.000   0.2970923647237904e-01   0.4002022651174100e+00   0.4011845081966452e+01
       180.000   0.2953932651835822e-01   0.4019116052850316e+00   0.4280869263866946e+01
       181.000   0.2944093784465420e-01   0.4037433387436825e+00   0.4548602419138220e+01
       182.000   0.2931787437731493e-01   0.4056431016274743e+00   0.4814954474855780e+01
       183.000   0.2917011285557195e-01   0.4075587149436571e+00   0.5081445010382849e+01
       184.000   0.2910836314184088e-01   0.4094326425975302e+00   0.5343753526064408e+01
       185.000   0.2898816834443444e-01   0.4112152621273413e+00   0.5607431053144735e+01
       186.000   0.2892380962750349e-01   0.4128591959143002e+00   0.5870455038061792e+01
       187.000   0.2883084083257756e-01   0.4143200282078138e+00   0.6130709858654115e+01
       188.000   0.2877611620623848e-01   0.4155625313569510e+00   0.1084882769808129e+00
       189.000   0.2875149789784244e-01   0.4165562367427030e+00   0.3703766220788811e+00
       190.000   0.2868142123930671e-01   0.4172754524869483e+00   0.6292600205189176e+00
       191.000   0.2866499650272290e-01   0.4177082225058513e+00   0.8905802789014663e+00
       192.000   0.2870078458058929e-01   0.4178428512823945e+00   0.1149719442375996e+01
       193.000   0.2864146928288122e-01   0.4176773489291887e+00   0.1411585531196438e+01
       194.000   0.2868200647440355e-01   0.4172193390556018e+00   0.1670991397105510e+01
       195.000   0.2873108649538488e-01   0.4164824981237741e+00   0.1931887182729195e+01
       196.000   0.2870599756981538e-01   0.4154848831550105e+00   0.2194309935650049e+01
       197.000   0.2878840581979911e-01   0.4142577601945294e+00   0.2455623342937026e+01
       198.000   0.2879583223663301e-01   0.4128322105943127e+00   0.2717089427010506e+01
       199.000   0.2887114485907671e-01   0.4112479801254830e+00   0.2982541638962408e+01
       200.000   0.2888771402481836e-01   0.4095494644726714e+00   0.3244809152898637e+01
       201.000   0.2893205434593655e-01   0.4077816594446096e+00   0.3509726729450329e+01
       202.000   0.2901938469523752e-01   0.4059898739522650e+00   0.3776328999582622e+01
       203.000   0.2903596615640239e-01   0.4042250157285571e+00   0.4041472835944314e+01
       204.000   0.2906852691774055e-01   0.4025290832881915e+00   0.4309653319359069e+01
       205.000   0.2918616287588739e-01   0.4009458573489518e+00   0.4575975326880647e+01
       206.000   0.2918773637685970e-01   0.3995169718070573e+00   0.4845668693905536e+01
       207.000   0.2924274795752561e-01   0.3982747595333015e+00   0.5114365603069440e+01
       208.000   0.2935145496184341e-01   0.3972500550488075e+00   0.5382120959536378e+01
       209.000   0.2937459335913143e-01   0.3964703251771205e+00   0.5653879452301033e+01
       210.000   0.2947242010105502e-01   0.3959497909451301e+00   0.5923028339585258e+01
       211.000   0.2953613222759350e-01   0.3957006742024770e+00   0.6191870966472901e+01
       212.000   0.2965976352417548e-01   0.3957297896147191e+00   0.1805651735274356e+00
       213.000   0.2974343788753006e-01   0.3960297050283782e+00   0.4498884377943941e+00
       214.000   0.2985155950907985e-01   0.3965940578727336e+00   0.7189882750812968e+00
       215.000   0.3002546477041894e-01   0.3974065362876836e+00   0.9903843933444687e+00
       216.000   0.3015498242167112e-01   0.3984436279557814e+00   0.1258123506926849e+01
       217.000   0.3030785578129112e-01   0.3996803235834323e+00   0.1528707937518453e+01
       218.000   0.3053353201874277e-01   0.4010874739996925e+00   0.1795845551394482e+01
       219.000   0.3073180525761745e-01   0.4026275079138256e+00   0.2065077846328558e+01
       220.000   0.3093528871774821e-01   0.4042688164991558e+00   0.2332962262911729e+01
       221.000   0.3121912174246175e-01   0.4059731062573910e+00   0.2599130094404757e+01
       222.000   0.3145809432584502e-01   0.4077009373841358e+00   0.2866629887262418e+01
       223.000   0.3176830141405158e-01   0.4094160355492821e+00   0.3133899003372561e+01
       224.000   0.3202440725855948e-01   0.4110840333606896e+00   0.3398315089648539e+01
       225.000   0.3237563406297990e-01   0.4126672455167870e+00   0.3665354249961456e+01
       226.000   0.3268989809709980e-01   0.4141361344896662e+00   0.3931594849515267e+01
       227.000   0.3299164752034525e-01   0.4154613294137728e+00   0.4196420405664150e+01
       228.000   0.3336458555549902e-01   0.4166148642124400e+00   0.4463089349261722e+01
       229.000   0.3372594184562148e-01   0.4175741194350014e+00   0.4729467777264031e+01
       230.000   0.3402811196113650e-01   0.4183220825578715e+00   0.4996191969979314e+01
       231.000   0.3445150797006336e-01   0.4188380343497954e+00   0.5263103543578120e+01
       232.000   0.3479052580936652e-01   0.4191124448371464e+00   0.5530722641740671e+01
       233.000   0.3516801749918156e-01   0.4191374277798667e+00   0.5799956751997467e+01
       234.000   0.3553223444498323e-01   0.4189063186376239e+00   0.6068424539739855e+01
       235.000   0.3591615651648959e-01   0.4184214331312316e+00   0.5475924265391452e-01
       236.000   0.3628123682332828e-01   0.4176881407400645e+00   0.3279167302551107e+00
       237.000   0.3663403867093255e-01   0.4167134497079878e+00   0.5979090062943166e+00
       238.000   0.3699121849962173e-01   0.4155144177539008e+00   0.8724213803153322e+00
       239.000   0.3737704985433964e-01   0.4141112677418649e+00   0.1147048374102669e+01
       240.000   0.3767670513750253e-01   0.4125237355840989e+00   0.1422875858988132e+01
       241.000   0.3800804695874462e-01   0.4107832169975938e+00   0.1699972456851940e+01
       242.000   0.3838160481208950e-01   0.4089214657804702e+00   0.1978556748493071e+01
       243.000   0.3859714396331752e-01   0.4069723424218993e+00   0.2259097740624473e+01
       244.000   0.3892844500426102e-01   0.4049779021495850e+00   0.2540296964185254e+01
       245.000   0.3917011359943880e-01   0.4029821648191499e+00   0.2822707474306300e+01
       246.000   0.3938306013125999e-01   0.4010265678996461e+00   0.3108364899768450e+01
       247.000   0.3961003807374679e-01   0.3991626357755856e+00   0.3393647717082140e+01
       248.000   0.3974800148081106e-01   0.3974363051683327e+00   0.3680416723799080e+01
       249.000   0.3993853869066352e-01   0.3958920848120210e+00   0.3970453839932131e+01
       250.000   0.4002593447149180e-01   0.3945747939198659e+00   0.4259321021130554e+01
       251.000   0.4009012764144381e-01   0.3935246007719481e+00   0.4550662183843721e+01
       252.000   0.4020205739510447e-01   0.3927684923024176e+00   0.4842240699558166e+01
       253.000   0.4017910887895176e-01   0.3923360866343514e+00   0.5135024859618024e+01
       254.000   0.4014208950759741e-01   0.3922415382472170e+00   0.5428346494990867e+01
       255.000   0.4016534654592355e-01   0.3924897356641259e+00   0.5720219952455617e+01
       256.000   0.4001633326466345e-01   0.3930828388511179e+00   0.6015296091330900e+01
       257.000   0.3993184832632342e-01   0.3940085380289399e+00   0.2440796314499050e-01
       258.000   0.3977176064920220e-01   0.3952443302424716e+00   0.3164567483510066e+00
       259.000   0.3959662194945088e-01   0.3967660490721001e+00   0.6092907490647654e+00
       260.000   0.3937727906407266e-01   0.3985348655746128e+00   0.9006158878274899e+00
       261.000   0.3908570785908473e-01   0.4005074353324121e+00   0.1189472860938370e+01
       262.000   0.3885346687526128e-01   0.4026396224220830e+00   0.1479877764645100e+01
       263.000   0.3848452516256794e-01   0.4048754719365529e+00   0.1766699330473267e+01
       264.000   0.3811911801914685e-01   0.4071599919987055e+00   0.2053611168260463e+01
       265.000   0.3774520557527334e-01   0.4094395464483711e+00   0.2338199745445671e+01
       266.000   0.3730663655623521e-01   0.4116559416001786e+00   0.2621865417518062e+01
       267.000   0.3681742749119450e-01   0.4137564637747416e+00   0.2904791285909520e+01
       268.000   0.3634555868030065e-01   0.4156935785772808e+00   0.3184585390946680e+01
       269.000   0.3580740847177080e-01   0.4174180535158564e+00   0.3464416549113917e+01
       270.000   0.3525463818143447e-01   0.4188918356055381e+00   0.3743955078831358e+01
       271.000   0.3464179655280113e-01   0.4200845291542514e+00   0.4019350448619359e+01
       272.000   0.3406837243317123e-01   0.4209679157358484e+00   0.4296565197314426e+01
       273.000   0.3342151234420419e-01   0.4215244321464457e+00   0.4572323605018430e+01
       274.000   0.3276112189648254e-01   0.4217489918118726e+00   0.4845667000444666e+01
       275.000   0.3209920727735267e-01   0.4216351986430550e+00   0.5120443066611983e+01
       276.000   0.3146282850273169e-01   0.4211923033894123e+00   0.5392662760939523e+01
       277.000   0.3071023558187981e-01   0.4204350876938346e+00   0.5666217586112608e+01
       278.000   0.3007077793876046e-01   0.4193808136019697e+00   0.5937075304870502e+01
       279.000   0.2937853383360571e-01   0.4180585939006504e+00   0.6208372468436429e+01
       280.000   0.2866107378790122e-01   0.4165023828064566e+00   0.1966307200287920e+00
       281.000   0.2799698374726678e-01   0.4147457331975244e+00   0.4659619540558824e+00
       282.000   0.2729163494870808e-01   0.4128365462803463e+00   0.7340086897047611e+00
       283.000   0.2664622189712990e-01   0.4108190203864529e+00   0.1004910027075635e+01
       284.000   0.2593382545236199e-01   0.4087392183612872e+00   0.1270367224438701e+01
       285.000   0.2527894748145712e-01   0.4066525915097046e+00   0.1537713021986473e+01
       286.000   0.2466866060766641e-01   0.4046097978457507e+00   0.1804732419931502e+01
       287.000   0.2398003722601390e-01   0.4026544358115883e+00   0.2068662643701526e+01
       288.000   0.2337352984020998e-01   0.4008382404757081e+00   0.2333532724447149e+01
       289.000   0.2283548317140152e-01   0.3992012370744219e+00   0.2595707604368114e+01
       290.000   0.2220301293522760e-01   0.3977762982120613e+00   0.2858986276378090e+01
       291.000   0.2170050800555366e-01   0.3965956821261031e+00   0.3118396652098422e+01
       292.000   0.2121452146056402e-01   0.3956791573090260e+00   0.3376948445821053e+01
       293.000   0.2071349524217253e-01   0.3950390857427942e+00   0.3636155010263241e+01
       294.000   0.2033099771638425e-01   0.3946853388976846e+00   0.3891819938306247e+01
       295.000   0.1989106011504512e-01   0.3946149794395690e+00   0.4145321594607392e+01
       296.000   0.1960266730239872e-01   0.3948193162611648e+00   0.4401425997160313e+01
       297.000   0.1927204356297858e-01   0.3952880549130320e+00   0.4652976446812838e+01
       298.000   0.1901017552823657e-01   0.3959984987689756e+00   0.4903821161143981e+01
       299.000   0.1884952606304155e-01   0.3969249155453861e+00   0.5156823071974081e+01
       300.000   0.1867223428122574e-01   0.3980395856141186e+00   0.5405572577383079e+01
       301.000   0.1853185506422576e-01   0.3993079383103680e+00   0.5656898178712794e+01
       302.000   0.1854261169948659e-01   0.4006920562297903e+00   0.5904467614953418e+01
       303.000   0.1846714351106151e-01   0.4021588235969807e+00   0.6156425338535530e+01
       304.000   0.1849084717178410e-01   0.4036691702400820e+00   0.1219859948808351e+00
       305.000   0.1857700067762693e-01   0.4051888418211013e+00   0.3703182200192350e+00
       306.000   0.1863467852873642e-01   0.4066853603856563e+00   0.6223547798715607e+00
       307.000   0.1875897775214723e-01   0.4081288857406091e+00   0.8736041222921296e+00
       308.000   0.1888950968300614e-01   0.4094918715400577e+00   0.1121692956199884e+01
       309.000   0.1904961398707599e-01   0.4107545306685390e+00   0.1377288786123485e+01
       310.000   0.1922424455852444e-01   0.4118943172761065e+00   0.1628606686280174e+01
       311.000   0.1936754350349395e-01   0.4128952671611891e+00   0.1882213330549281e+01
       312.000   0.1958359404905440e-01   0.4137452880926231e+00   0.2137205754944546e+01
       313.000   0.1977054277575243e-01   0.4144327848549562e+00   0.2393797175816150e+01
       314.000   0.1990149802661646e-01   0.4149492127412830e+00   0.2650196490783589e+01
       315.000   0.2015723351540773e-01   0.4152920640124333e+00   0.2908642607661022e+01
       316.000   0.2030696286731865e-01   0.4154563546792111e+00   0.3167899898174465e+01
       317.000   0.2048092557206078e-01   0.4154429738066768e+00   0.3430260847676443e+01
       318.000   0.2068879032302587e-01   0.4152553467106647e+00   0.3689638179809881e+01
       319.000   0.2087326854666920e-01   0.4148980079357567e+00   0.3954258187751432e+01
       320.000   0.2102858460520132e-01   0.4143786002827489e+00   0.4219515573733819e+01
       321.000   0.2123924946233520e-01   0.4137099856708843e+00   0.4482555077304095e+01
       322.000   0.2139157659496745e-01   0.4129053712726129e+00   0.4750847109532975e+01
       323.000   0.2160803215471201e-01   0.4119803903593616e+00   0.5018607604753713e+01
       324.000   0.2173421808860719e-01   0.4109569755755395e+00   0.5286800217709375e+01
       325.000   0.2193630241858694e-01   0.4098542414533640e+00   0.5557021455785202e+01
       326.000   0.2213063877026681e-01   0.4086945896563264e+00   0.5828745765340140e+01
       327.000   0.2224432163649899e-01   0.4075034565540394e+00   0.6100413569280755e+01
       328.000   0.2245582999239374e-01   0.4063053957686023e+00   0.9137993678848133e-01
       329.000   0.2261988521307189e-01   0.4051236509677767e+00   0.3641558007318810e+00
       330.000   0.2276577335676179e-01   0.4039861918736392e+00   0.6418968261993445e+00
       331.000   0.2292231763961191e-01   0.4029170254425504e+00   0.9168913605138052e+00
       332.000   0.2309288507699403e-01   0.4019424382613153e+00   0.1192835337255946e+01
       333.000   0.2322937348502676e-01   0.4010884853369222e+00   0.1474827927137000e+01
       334.000   0.2335280901028243e-01   0.4003767848983560e+00   0.1750479189003906e+01
       335.000   0.2348794630961842e-01   0.3998277827466973e+00   0.2032117135211273e+01
       336.000   0.2363450617441699e-01   0.3994625422382368e+00   0.2314014037369251e+01
       337.000   0.2371251203195445e-01   0.3992896710571726e+00   0.2594776039263627e+01
       338.000   0.2382042322395264e-01   0.3993184905249134e+00   0.2878028659913140e+01
       339.000   0.2398056607972992e-01   0.3995516456256024e+00   0.3161312591086848e+01
       340.000   0.2400233404613336e-01   0.3999825946197486e+00   0.3445360685466138e+01
       341.000   0.2413819739730278e-01   0.4006006826921127e+00   0.3730283814188393e+01
       342.000   0.2421589775256264e-01   0.4013914564171190e+00   0.4013048436832548e+01
       343.000   0.2429762699083164e-01   0.4023310232026691e+00   0.4300160240744294e+01
       344.000   0.2435958353175414e-01   0.4033950064383093e+00   0.4584709506277242e+01
       345.000   0.2442221344073717e-01   0.4045548611989193e+00   0.4868286464427261e+01
       346.000   0.2448816842978577e-01   0.4057766611447953e+00   0.5156378343659007e+01
       347.000   0.2453182788453615e-01   0.4070287513645528e+00   0.5440035082753422e+01
       348.000   0.2452402934885163e-01   0.4082752990082154e+00   0.5726338113338304e+01
       349.000   0.2462235567663839e-01   0.4094790656438092e+00   0.6012030174838884e+01
       350.000   0.2458237717560314e-01   0.4106067453588211e+00   0.1524433535787928e-01
       351.000   0.2457642014834066e-01   0.4116247993768853e+00   0.3009861598135188e+00
       352.000   0.2461047336127856e-01   0.4125011310942312e+00   0.5868621846471225e+00
       353.000   0.2454066185037520e-01   0.4132094064335503e+00   0.8741968772955939e+00
       354.000   0.2450220539546369e-01   0.4137263222437822e+00   0.1162219325834243e+01
       355.000   0.2443749698287652e-01   0.4140349186698363e+00   0.1447613014940891e+01
       356.000   0.2435175734296617e-01   0.4141248019793746e+00   0.1738806999299022e+01
       357.000   0.2425874061671552e-01   0.4139909767825342e+00   0.2027649222252029e+01
       358.000   0.2410067915742507e-01   0.4136336471711785e+00   0.2318015470342441e+01
       359.000   0.2398160650398249e-01   0.4130638196630224e+00   0.2610164901751855e+01
       360.000   0.2384031962636780e-01   0.4122936767965413e+00   0.2904449213306975e+01
       361.000   0.2357830704698993e-01   0.4113453674964948e+00   0.3198545930140094e+01
       362.000   0.2345270016578406e-01   0.4102452369990737e+00   0.3494929112353359e+01
       363.000   0.2319250612116153e-01   0.4090232938449146e+00   0.3793438185544062e+01
       364.000   0.2293631774428309e-01   0.4077151635365900e+00   0.4093903801859751e+01
       365.000   0.2268682302949570e-01   0.4063605346860859e+00   0.4394500236030261e+01
       366.000   0.2240729882985110e-01   0.4049960933082071e+00   0.4697562657545396e+01
       367.000   0.2209618292218974e-01   0.4036646041959857e+00   0.5005273456364091e+01
       368.000   0.2176319085426328e-01   0.4024067414508501e+00   0.5308481377930980e+01
       369.000   0.2143189220459906e-01   0.4012586368895890e+00   0.5618870921267089e+01
       370.000   0.2107208773248916e-01   0.4002588759257925e+00   0.5929185263728350e+01
       371.000   0.2065925339905934e-01   0.3994390489751112e+00   0.6239007533884404e+01
       372.000   0.2024805545369033e-01   0.3988229838488436e+00   0.2707171892327445e+00
       373.000   0.1984691574107878e-01   0.3984356717867568e+00   0.5834791596426614e+00
       374.000   0.1934220550658510e-01   0.3982878177322097e+00   0.9016900629222349e+00
       375.000   0.1888981101268084e-01   0.3983840435152091e+00   0.1218722728042666e+01
       376.000   0.1840135245193646e-01   0.3987242625711442e+00   0.1536538693091338e+01
       377.000   0.1788643191209559e-01   0.3992939851593647e+00   0.1860465164227966e+01
       378.000   0.1738036919634884e-01   0.4000738271015330e+00   0.2181281477575124e+01
       379.000   0.1681855609058767e-01   0.4010409753331008e+00   0.2503132072776584e+01
       380.000   0.1635521504434024e-01   0.4021633798337750e+00   0.2832378942909210e+01
       381.000   0.1574531873459616e-01   0.4034059433077109e+00   0.3156799121183877e+01
       382.000   0.1522534399974852e-01   0.4047347394459565e+00   0.3486343704984516e+01
       383.000   0.1471255106366698e-01   0.4061107483967271e+00   0.3817616801742503e+01
       384.000   0.1414727739865268e-01   0.4074979093712154e+00   0.4150916694398942e+01
       385.000   0.1362489549443421e-01   0.4088613796986892e+00   0.4489109567390056e+01
       386.000   0.1313864113711571e-01   0.4101654911461908e+00   0.4822494300851115e+01
       387.000   0.1263739844545119e-01   0.4113791196814278e+00   0.5170518893863781e+01
       388.000   0.1217433344509676e-01   0.4124763327764853e+00   0.5511462427809327e+01
       389.000   0.1171118258809904e-01   0.4134288254126823e+00   0.5857601602218296e+01
       390.000   0.1132012524241166e-01   0.4142177695074835e+00   0.6210247328204533e+01
       391.000   0.1092472968643315e-01   0.4148289277437787e+00   0.2803287333096902e+00
       392.000   0.1051450811683896e-01   0.4152485144045981e+00   0.6381153184111739e+00
       393.000   0.1023232340565558e-01   0.4154726971864483e+00   0.9982887296353837e+00
       394.000   0.9924398494642762e-02   0.4155040597475706e+00   0.1363546906405446e+01
       395.000   0.9675628525239779e-02   0.4153417110820375e+00   0.1737783185028139e+01
       396.000   0.9469882317160583e-02   0.4149987096097203e+00   0.2102870493529387e+01
       397.000   0.9361556243146996e-02   0.4144871484291716e+00   0.2482069822739611e+01
       398.000   0.9262034598015291e-02   0.4138192263124584e+00   0.2860608386588723e+01
       399.000   0.9230782235666720e-02   0.4130157419734637e+00   0.3230827126798740e+01
       400.000   0.9268401708426254e-02   0.4120955114369462e+00   0.3611763405133012e+01
       401.000   0.9372504496832952e-02   0.4110749601306864e+00   0.3980120289911383e+01
       402.000   0.9452359218805814e-02   0.4099786967689383e+00   0.4355778796925780e+01
       403.000   0.9627890231349976e-02   0.4088274750099360e+00   0.4718488456226488e+01
       404.000   0.9829951362636044e-02   0.4076406254206366e+00   0.5080372097272805e+01
       405.000   0.1002449940680790e-01   0.4064414207402250e+00   0.5444447289148663e+01
       406.000   0.1026112468001862e-01   0.4052514928282612e+00   0.5795963517204921e+01
       407.000   0.1046463298117209e-01   0.4040896437790633e+00   0.6147271261720024e+01
       408.000   0.1077473093905644e-01   0.4029776887990981e+00   0.2144352714007969e+00
       409.000   0.1095942283684985e-01   0.4019344191343208e+00   0.5582271604202509e+00
       410.000   0.1120013936887513e-01   0.4009756813233157e+00   0.9006847205843647e+00
       411.000   0.1148849687703304e-01   0.4001193992529905e+00   0.1238199124317521e+01
       412.000   0.1166303483278873e-01   0.3993796245457184e+00   0.1577376303377244e+01
       413.000   0.1189531286885447e-01   0.3987677575048594e+00   0.1912191240080377e+01
       414.000   0.1210420015401767e-01   0.3982937734408869e+00   0.2240013686738820e+01
       415.000   0.1231029311592028e-01   0.3979675738193835e+00   0.2575808499017617e+01
       416.000   0.1247416789353231e-01   0.3977917168783783e+00   0.2901273903695149e+01
       417.000   0.1263531345971304e-01   0.3977730872398123e+00   0.3224805733134557e+01
       418.000   0.1280800814773265e-01   0.3979139237756159e+00   0.3553034675914564e+01
       419.000   0.1293253373627203e-01   0.3982126196461004e+00   0.3870099134041673e+01
       420.000   0.1301825686018084e-01   0.3986695157250514e+00   0.4193638710884553e+01
       421.000   0.1314056451898781e-01   0.3992824055328797e+00   0.4507086428916342e+01
       422.000   0.1321693495561898e-01   0.4000431282228474e+00   0.4824295602458520e+01
       423.000   0.1322000810395424e-01   0.4009460311301101e+00   0.5138753387872509e+01
       424.000   0.1329038122442813e-01   0.4019781074460501e+00   0.5445760330405783e+01
       425.000   0.1324993635010010e-01   0.4031231970171196e+00   0.5757526790364423e+01
       426.000   0.1325384632715062e-01   0.4043626297265086e+00   0.6065353813393297e+01
       427.000   0.1315141442218760e-01   0.4056758294707554e+00   0.8507752772777089e-01
       428.000   0.1310280976473686e-01   0.4070356514833181e+00   0.3900934899822168e+00
       429.000   0.1300830394754047e-01   0.4084168232383003e+00   0.6932026091047536e+00
       430.000   0.1282788565138605e-01   0.4097933930979665e+00   0.9926496515395300e+00
       431.000   0.1271417283985793e-01   0.4111355121955083e+00   0.1292618282672535e+01
       432.000   0.1255850972891374e-01   0.4124161067692068e+00   0.1589114697158223e+01
       433.000   0.1231152701012226e-01   0.4136091569359018e+00   0.1888545422846736e+01
       434.000   0.1215094265892800e-01   0.4146861006514519e+00   0.2180520392150839e+01
       435.000   0.1189420667597338e-01   0.4156218774572390e+00   0.2475160380206779e+01
       436.000   0.1167054220151068e-01   0.4163950740064859e+00   0.2769869704521476e+01
       437.000   0.1139495194587667e-01   0.4169809119142219e+00   0.3059842249783173e+01
       438.000   0.1110748318591005e-01   0.4173628602948155e+00   0.3347281852784334e+01
       439.000   0.1087962235253501e-01   0.4175263077807271e+00   0.3641990108735158e+01
       440.000   0.1049657454134660e-01   0.4174584939738394e+00   0.3924484238202448e+01
       441.000   0.1021123288665412e-01   0.4171582331455854e+00   0.4212161926148344e+01
       442.000   0.9900717792975593e-02   0.4166254915516402e+00   0.4495999912353568e+01
       443.000   0.9504543281580888e-02   0.4158642394309738e+00   0.4781064284091450e+01
       444.000   0.9141080758396087e-02   0.4148924517465703e+00   0.5062191356504761e+01
       445.000   0.8785820396784067e-02   0.4137262679183161e+00   0.5339504074857237e+01
       446.000   0.8340368386792418e-02   0.4123901826855641e+00   0.5623909822274120e+01
       447.000   0.7952019414099863e-02   0.4109162613463475e+00   0.5898047214814940e+01
       448.000   0.7483507675808467e-02   0.4093357521124361e+00   0.6171675917174754e+01
       449.000   0.7065412316550856e-02   0.4076857163323365e+00   0.1677457961976607e+00
       450.000   0.6580787664362519e-02   0.4060101118126144e+00   0.4365993772754244e+00
       451.000   0.6084824433776891e-02   0.4043450545143586e+00   0.7027418393808889e+00
       452.000   0.5652335364664476e-02   0.4027342140691976e+00   0.9737784605915616e+00
       453.000   0.5125634296815170e-02   0.4012214195603186e+00   0.1228182795566070e+01
       454.000   0.4622012105638497e-02   0.3998417338895639e+00   0.1487114667561849e+01
       455.000   0.4161032194123747e-02   0.3986317766459455e+00   0.1720375230320765e+01
       456.000   0.3665235930953625e-02   0.3976265010427231e+00   0.1953496299756191e+01
       457.000   0.3154148508719709e-02   0.3968472580493766e+00   0.2166289697360043e+01
       458.000   0.2766440499363493e-02   0.3963146932490461e+00   0.2312075294271891e+01
       459.000   0.2322818123179198e-02   0.3960438072513586e+00   0.2463643735222119e+01
       460.000   0.2035245933588651e-02   0.3960351812623929e+00   0.2508133360791962e+01
       461.000   0.1896638141883793e-02   0.3962862735588824e+00   0.2488626182231519e+01
       462.000   0.1915850213049887e-02   0.3967873208916285e+00   0.2462087076678337e+01
       463.000   0.2161731402136575e-02   0.3975144717762234e+00   0.2473749133529529e+01
       464.000   0.2584786656072394e-02   0.3984453808285160e+00   0.2518687702447430e+01
       465.000   0.3048273748191663e-02   0.3995492479531718e+00   0.2673694586603668e+01
       466.000   0.3644995488019162e-02   0.4007848096900888e+00   0.2842392656647434e+01
       467.000   0.4249137471412589e-02   0.4021184474924815e+00   0.3042281552351120e+01
       468.000   0.4922650933990409e-02   0.4035115421726849e+00   0.3277885866356392e+01
       469.000   0.5609717737884114e-02   0.4049208172075811e+00   0.3517434993308377e+01
       470.000   0.6304866531491985e-02   0.4063135414038594e+00   0.3760720819758818e+01
       471.000   0.7087775639582397e-02   0.4076568944536864e+00   0.4026902012991647e+01
       472.000   0.7840251165805960e-02   0.4089150867439013e+00   0.4283873094818349e+01
       473.000   0.8588408332072186e-02   0.4100660685310594e+00   0.4552616332176733e+01
       474.000   0.9459332362704515e-02   0.4110868503696162e+00   0.4820156065161161e+01
       475.000   0.1024429051482569e-01   0.4119561358663773e+00   0.5093991414100451e+01
       476.000   0.1106043578054656e-01   0.4126630025695486e+00   0.5367522158495396e+01
       477.000   0.1195801436034176e-01   0.4131984986878445e+00   0.5642423400304164e+01
       478.000   0.1277391283686117e-01   0.4135571771523148e+00   0.5921412342820364e+01
       479.000   0.1367231669110439e-01   0.4137435453644703e+00   0.6203356757486251e+01
       480.000   0.1453541960950914e-01   0.4137620591125254e+00   0.1977783240409980e+00
       481.000   0.1544487766908345e-01   0.4136233938608963e+00   0.4840764386340108e+00
       482.000   0.1636060567677544e-01   0.4133440918359109e+00   0.7682416602170488e+00
       483.000   0.1724965176224941e-01   0.4129407679274317e+00   0.1053271301537809e+01
       484.000   0.1818837607076501e-01   0.4124308979465958e+00   0.1340593143116182e+01
       485.000   0.1916017329700747e-01   0.4118375677933719e+00   0.1629120738663790e+01
       486.000   0.2001562464055181e-01   0.4111793415986308e+00   0.1918781058794654e+01
       487.000   0.2103018559300056e-01   0.4104761716775804e+00   0.2207274134538014e+01
       488.000   0.2195065828179407e-01   0.4097483994499539e+00   0.2499563211190175e+01
       489.000   0.2286686530049840e-01   0.4090131257299878e+00   0.2791929739861295e+01
       490.000   0.2382756253688226e-01   0.4082850853377732e+00   0.3083569291615678e+01
       491.000   0.2475370272385411e-01   0.4075788309114480e+00   0.3376426486792486e+01
       492.000   0.2569114943029862e-01   0.4069058030286606e+00   0.3673171932053137e+01
       493.000   0.2657960916814888e-01   0.4062748172504783e+00   0.3965247060265895e+01
       494.000   0.2750897966000816e-01   0.4056930595691955e+00   0.4261266707959415e+01
       495.000   0.2841600512649054e-01   0.4051656652448599e+00   0.4558026907212044e+01
       496.000   0.2926918816373808e-01   0.4046947470781398e+00   0.4852558374441431e+01
       497.000   0.3014119252988587e-01   0.4042829001077888e+00   0.5150569055151415e+01
       498.000   0.3101066566452153e-01   0.4039304445819795e+00   0.5446020988978869e+01
       499.000   0.3179917578389325e-01   0.4036355510306401e+00   0.5744431598400981e+01
       500.000   0.3261138334108604e-01   0.4033975476800485e+00   0.6041578176412067e+01
       501.000   0.3340000663224046e-01   0.4032151086885364e+00   0.5500388254262312e-01
       502.000   0.3413799653034405e-01   0.4030869507674091e+00   0.3550911520615028e+00
       503.000   0.3487904791952356e-01   0.4030103054055968e+00   0.6523535441383963e+00
       504.000   0.3554467151390497e-01   0.4029854003703552e+00   0.9499143136550501e+00
       505.000   0.3629148231326419e-01   0.4030097083609273e+00   0.1250257134672402e+01
       506.000   0.3687424994805844e-01   0.4030847141139708e+00   0.1547635112049211e+01
       507.000   0.3750947484830988e-01   0.4032114686342421e+00   0.1846425887454354e+01
       508.000   0.3812404722547482e-01   0.4033889995050131e+00   0.2145093400890894e+01
       509.000   0.3863576596385040e-01   0.4036179085309249e+00   0.2443064228779997e+01
       510.000   0.3914871362191059e-01   0.4039011247976488e+00   0.2742654296591166e+01
       511.000   0.3964882966629724e-01   0.4042340492376407e+00   0.3038743806365836e+01
       512.000   0.4006006407201688e-01   0.4046165494104821e+00   0.3338839976210880e+01
       513.000   0.4046358795667701e-01   0.4050461988578193e+00   0.3635796793277197e+01
       514.000   0.4080522084150986e-01   0.4055128824809653e+00   0.3932687404752261e+01
       515.000   0.4112827201425349e-01   0.4060100873978684e+00   0.4230653242931329e+01
       516.000   0.4139619448820860e-01   0.4065297280730901e+00   0.4527142183940871e+01
       517.000   0.4156398285729038e-01   0.4070564719496411e+00   0.4823325489721324e+01
       518.000   0.4179078986418110e-01   0.4075803514899902e+00   0.5119486917642286e+01
       519.000   0.4189244388628285e-01   0.4080874366506875e+00   0.5415073799680034e+01
       520.000   0.4193321205573899e-01   0.4085618675477397e+00   0.5710953662501282e+01
       521.000   0.4200370508072895e-01   0.4089917565898390e+00   0.6004468011802212e+01
       522.000   0.4198239312972459e-01   0.4093623272875865e+00   0.1697547282912737e-01
       523.000   0.4188025016631585e-01   0.4096588384721224e+00   0.3107231736313310e+00
       524.000   0.4182682372155759e-01   0.4098708718887691e+00   0.6035772991897961e+00
       525.000   0.4162577107006248e-01   0.4099876705296833e+00   0.8972264378421659e+00
       526.000   0.4147956999417402e-01   0.4099985461127208e+00   0.1189895472603989e+01
       527.000   0.4119522753328579e-01   0.4099004553474432e+00   0.1481905127885216e+01
       528.000   0.4094276631482061e-01   0.4096903586348979e+00   0.1773209189726532e+01
       529.000   0.4064720242380693e-01   0.4093694273336828e+00   0.2065281528814424e+01
       530.000   0.4023413886831405e-01   0.4089463288157065e+00   0.2355260416550168e+01
       531.000   0.3987254744702732e-01   0.4084304475831095e+00   0.2646159357442173e+01
       532.000   0.3943906284141415e-01   0.4078340297147421e+00   0.2935083218114576e+01
       533.000   0.3892833588885442e-01   0.4071760812097999e+00   0.3225664827827186e+01
       534.000   0.3842104384889887e-01   0.4064762997478362e+00   0.3514086422577071e+01
       535.000   0.3787539803929957e-01   0.4057577893350167e+00   0.3801792264959788e+01
       536.000   0.3728038235320103e-01   0.4050451952468432e+00   0.4091971740663344e+01
       537.000   0.3664595787209900e-01   0.4043636725566654e+00   0.4377983462466682e+01
       538.000   0.3598876581163390e-01   0.4037378560800542e+00   0.4665163020825204e+01
       539.000   0.3535046336739987e-01   0.4031938058393642e+00   0.4953035696935648e+01
       540.000   0.3459143466463890e-01   0.4027522680514221e+00   0.5237637604433298e+01
       541.000   0.3388122251246266e-01   0.4024336775850124e+00   0.5522976734433616e+01
       542.000   0.3319021821810852e-01   0.4022532869440196e+00   0.5807293557541281e+01
       543.000   0.3237131102658518e-01   0.4022209027074730e+00   0.6089666798090366e+01
       544.000   0.3165167462560799e-01   0.4023436817926336e+00   0.8897702666888030e-01
       545.000   0.3086996663058602e-01   0.4026213436308833e+00   0.3667555845373354e+00
       546.000   0.3010613428443671e-01   0.4030481789275204e+00   0.6465789888120810e+00
       547.000   0.2930531561015048e-01   0.4036149881414098e+00   0.9223607756277419e+00
       548.000   0.2854113526883748e-01   0.4043047535798721e+00   0.1194055453599528e+01
       549.000   0.2776584573731873e-01   0.4050976402817690e+00   0.1468551012507321e+01
       550.000   0.2699892267434540e-01   0.4059705409110291e+00   0.1734876639759559e+01
       551.000   0.2620881762130734e-01   0.4068935630588516e+00   0.2001987683690160e+01
       552.000   0.2552557838256340e-01   0.4078380494851558e+00   0.2264942240555417e+01
       553.000   0.2477638254370370e-01   0.4087731649511951e+00   0.2525277996055106e+01
       554.000   0.2405281665667788e-01   0.4096667082107459e+00   0.2782012680026827e+01
       555.000   0.2345515713100721e-01   0.4104913122674270e+00   0.3035141701029612e+01
       556.000   0.2278034936419222e-01   0.4112179672584003e+00   0.3285947380263664e+01
       557.000   0.2219076372864885e-01   0.4118209128693660e+00   0.3533659299514898e+01
       558.000   0.2167181481369994e-01   0.4122841166596997e+00   0.3775042284338778e+01
       559.000   0.2114079128062379e-01   0.4125901634910515e+00   0.4018006633967920e+01
       560.000   0.2072317466500814e-01   0.4127260400213976e+00   0.4255211374030738e+01
       561.000   0.2030390672818600e-01   0.4126889294968819e+00   0.4489589684020144e+01
       562.000   0.1999557440432769e-01   0.4124775231482557e+00   0.4723019827996323e+01
       563.000   0.1975428469035177e-01   0.4120946998383647e+00   0.4956350938714232e+01
       564.000   0.1949392953424916e-01   0.4115525106721797e+00   0.5183606503019516e+01
       565.000   0.1945757057733628e-01   0.4108638403586133e+00   0.5415828671528283e+01
       566.000   0.1937066099189106e-01   0.4100479340691990e+00   0.5644777876060918e+01
       567.000   0.1938609689697537e-01   0.4091302564227927e+00   0.5875089227743425e+01
       568.000   0.1952203382767874e-01   0.4081352152901920e+00   0.6106149792710378e+01
       569.000   0.1969317036521770e-01   0.4070919250234367e+00   0.5567607217048653e-01
       570.000   0.1989062837499190e-01   0.4060336954011990e+00   0.2913672209090690e+00
       571.000   0.2024761532632094e-01   0.4049865737010495e+00   0.5262127545535096e+00
       572.000   0.2057626035310441e-01   0.4039800818214820e+00   0.7663827899584970e+00
       573.000   0.2099889660564168e-01   0.4030439594081846e+00   0.1009167118749767e+01
       574.000   0.2146422672294964e-01   0.4021978751786928e+00   0.1251598312592516e+01
       575.000   0.2197294512752035e-01   0.4014609016900678e+00   0.1499270873429824e+01
       576.000   0.2253416553162245e-01   0.4008538433089893e+00   0.1750379715660010e+01
       577.000   0.2310295934746288e-01   0.4003842385007101e+00   0.2000322525801696e+01
       578.000   0.2373346619038022e-01   0.4000612133804884e+00   0.2256172476546080e+01
       579.000   0.2440987235934048e-01   0.3998913126999195e+00   0.2512493808263970e+01
       580.000   0.2505131627675077e-01   0.3998698583247199e+00   0.2771442114727207e+01
       581.000   0.2576247898579751e-01   0.3999949681781416e+00   0.3031699062850089e+01
       582.000   0.2654182921346935e-01   0.4002601508521949e+00   0.3293593243883414e+01
       583.000   0.2720102938403674e-01   0.4006500742840192e+00   0.3558727320484032e+01
       584.000   0.2802287459287343e-01   0.4011527432950798e+00   0.3822171149611680e+01
       585.000   0.2879298043684369e-01   0.4017519601663566e+00   0.4089210310739087e+01
       586.000   0.2955166772079785e-01   0.4024277613831709e+00   0.4357274388194375e+01
       587.000   0.3038266097511687e-01   0.4031641813404979e+00   0.4625541127683237e+01
       588.000   0.3115989124176823e-01   0.4039425767916296e+00   0.4894302265400783e+01
       589.000   0.3202142741099943e-01   0.4047438007608991e+00   0.5167253678904160e+01
       590.000   0.3280663770373444e-01   0.4055538198694198e+00   0.5437106373984776e+01
       591.000   0.3364851333387982e-01   0.4063588787576078e+00   0.5710144261658784e+01
       592.000   0.3453262367338922e-01   0.4071444346346433e+00   0.5984006889161867e+01
       593.000   0.3533594379909510e-01   0.4079026582318757e+00   0.6257783226401284e+01
       594.000   0.3617817865045196e-01   0.4086253404924426e+00   0.2497929828438314e+00
       595.000   0.3709548848958875e-01   0.4093061564674003e+00   0.5247733476294432e+00
       596.000   0.3787097431783415e-01   0.4099412497788335e+00   0.8019275289949030e+00
       597.000   0.3876033135673767e-01   0.4105274771122466e+00   0.1078924381130347e+01
       598.000   0.3959325036964399e-01   0.4110597919896228e+00   0.1355396829622764e+01
       599.000   0.4043600140595347e-01   0.4115363151233950e+00   0.1635518903519335e+01
       600.000   0.4125537303104173e-01   0.4119534427767697e+00   0.1913563005755625e+01
       601.000   0.4208229592981034e-01   0.4123069185246126e+00   0.2192555305487058e+01
       602.000   0.4290921331140866e-01   0.4125922815321054e+00   0.2474262239721902e+01
       603.000   0.4369869183444137e-01   0.4128051385963997e+00   0.2753405550498952e+01
       604.000   0.4444798261094769e-01   0.4129396639565187e+00   0.3035773716583007e+01
       605.000   0.4527095686417595e-01   0.4129928292717012e+00   0.3316975841007237e+01
       606.000   0.4597916401676867e-01   0.4129599497007696e+00   0.3599774530689491e+01
       607.000   0.4670018800393610e-01   0.4128371392306943e+00   0.3883140585949879e+01
       608.000   0.4742562716864996e-01   0.4126197716605658e+00   0.4165890266063706e+01
       609.000   0.4809608844901378e-01   0.4123051403702640e+00   0.4450738480318458e+01
       610.000   0.4875339940568243e-01   0.4118887507260177e+00   0.4736061913646646e+01
       611.000   0.4936359211959250e-01   0.4113685686267081e+00   0.5019925869280875e+01
       612.000   0.4999705742869449e-01   0.4107440949106786e+00   0.5307417240933764e+01
       613.000   0.5054179977293723e-01   0.4100154818180301e+00   0.5593666064974055e+01
       614.000   0.5106931293834218e-01   0.4091866325043969e+00   0.5880813343316215e+01
       615.000   0.5159104994320489e-01   0.4082655861763496e+00   0.6169181417120110e+01
       616.000   0.5207039005230613e-01   0.4072629669589652e+00   0.1748301075480390e+00
       617.000   0.5244331323312094e-01   0.4061926376986527e+00   0.4648234210766002e+00
       618.000   0.5289155804874235e-01   0.4050760519825239e+00   0.7546399456336328e+00
       619.000   0.5323003401581216e-01   0.4039342912004744e+00   0.1046671957172066e+01
       620.000   0.5350826258992981e-01   0.4027922719402137e+00   0.1338643993117348e+01
       621.000   0.5381831716842730e-01   0.4016785974269022e+00   0.1631443571099274e+01
       622.000   0.5400592568134054e-01   0.4006190012694195e+00   0.1925138969740079e+01
       623.000   0.5422407548103985e-01   0.3996429356671449e+00   0.2220105850231469e+01
       624.000   0.5431384638571957e-01   0.3987807598287662e+00   0.2514911670789999e+01
       625.000   0.5440531631438295e-01   0.3980560748523612e+00   0.2810423779154672e+01
       626.000   0.5448487457622916e-01   0.3974967489796352e+00   0.3107739667230931e+01
       627.000   0.5441012033915890e-01   0.3971246615187745e+00   0.3403720674709399e+01
       628.000   0.5437361977199442e-01   0.3969559172177329e+00   0.3701225782632369e+01
       629.000   0.5428955225587952e-01   0.3970063703571642e+00   0.3998198037729736e+01
       630.000   0.5406339454923594e-01   0.3972839933781713e+00   0.4296148961664489e+01
       631.000   0.5388633020804148e-01   0.3977856656337613e+00   0.4592976350335780e+01
       632.000   0.5361471735086712e-01   0.3985080756452737e+00   0.4889663699754313e+01
       633.000   0.5326199039416780e-01   0.3994370818621764e+00   0.5187049973892212e+01
       634.000   0.5292223149527921e-01   0.4005495633351662e+00   0.5482723950570245e+01
       635.000   0.5243137622967795e-01   0.4018214159197400e+00   0.5777539437998059e+01
       636.000   0.5201812326953421e-01   0.4032212354732970e+00   0.6073308028331716e+01
       637.000   0.5140931349800652e-01   0.4047111026026833e+00   0.8314361967717865e-01
       638.000   0.5082302293542493e-01   0.4062549681096899e+00   0.3764993520937567e+00
       639.000   0.5022588656530610e-01   0.4078132290718229e+00   0.6685846201627186e+00
       640.000   0.4949576856631791e-01   0.4093430901391459e+00   0.9596548115456827e+00
       641.000   0.4875588671900263e-01   0.4108081258831593e+00   0.1250476863111863e+01
       642.000   0.4802010952482795e-01   0.4121706873025902e+00   0.1538001072311880e+01
       643.000   0.4716829267917518e-01   0.4133944528033078e+00   0.1827850899658095e+01
       644.000   0.4631351416010490e-01   0.4144541346912122e+00   0.2114235371885012e+01
       645.000   0.4539127833739080e-01   0.4153208811254376e+00   0.2399289304313729e+01
       646.000   0.4447329774925350e-01   0.4159731645622636e+00   0.2685977145599932e+01
       647.000   0.4345769537470102e-01   0.4164022810616971e+00   0.2969689504262448e+01
       648.000   0.4243211836215253e-01   0.4165962361245577e+00   0.3252543965803380e+01
       649.000   0.4140220988941980e-01   0.4165527382730340e+00   0.3536520443322576e+01
       650.000   0.4029376783963969e-01   0.4162810873863790e+00   0.3817359948012376e+01
       651.000   0.3917429653524197e-01   0.4157872149210560e+00   0.4100080239929069e+01
       652.000   0.3805805205073722e-01   0.4150894218198489e+00   0.4379224244398999e+01
       653.000   0.3690159903949917e-01   0.4142132333629012e+00   0.4660070598317416e+01
       654.000   0.3569087336735983e-01   0.4131789875776909e+00   0.4939521452231418e+01
       655.000   0.3454469295932821e-01   0.4120192700698331e+00   0.5216570618751591e+01
       656.000   0.3331465353557368e-01   0.4107680186227063e+00   0.5494728278262762e+01
       657.000   0.3214223332813070e-01   0.4094537425897856e+00   0.5771127413057249e+01
       658.000   0.3089235661982157e-01   0.4081131139233958e+00   0.6045262513905761e+01
       659.000   0.2971730020958360e-01   0.4067808639357085e+00   0.3515627903051222e-01
       660.000   0.2854339199643109e-01   0.4054849559728620e+00   0.3075914884979909e+00
       661.000   0.2728657764200526e-01   0.4042587870389500e+00   0.5754333137325238e+00
       662.000   0.2617731964955928e-01   0.4031320297569731e+00   0.8423492336521718e+00
       663.000   0.2502356493364765e-01   0.4021268854014419e+00   0.1106131737538052e+01
       664.000   0.2386238655947359e-01   0.4012651745439010e+00   0.1366490693786369e+01
       665.000   0.2282571851451992e-01   0.4005646528045131e+00   0.1622211323136858e+01
       666.000   0.2177871788441279e-01   0.4000333560299874e+00   0.1873743890951115e+01
       667.000   0.2077229320782284e-01   0.3996781320590134e+00   0.2122681318188121e+01
       668.000   0.1988472932936544e-01   0.3994959069520169e+00   0.2362360408986101e+01
       669.000   0.1900229295628007e-01   0.3994769618705838e+00   0.2598590453981098e+01
       670.000   0.1827823204308049e-01   0.3996098900175004e+00   0.2830539455148685e+01
       671.000   0.1756623379033952e-01   0.3998784361727745e+00   0.3053764501274745e+01
       672.000   0.1702008605108910e-01   0.4002604845214604e+00   0.3271740667556564e+01
       673.000   0.1660444959436425e-01   0.4007377227105440e+00   0.3489954036968619e+01
       674.000   0.1622308257857708e-01   0.4012901395023682e+00   0.3696461173975447e+01
       675.000   0.1605776148863202e-01   0.4018977065376240e+00   0.3908141524474487e+01
       676.000   0.1601308837595704e-01   0.4025454856120168e+00   0.4113980033268295e+01
       677.000   0.1603606243572836e-01   0.4032185905925471e+00   0.4323720727111599e+01
       678.000   0.1622079291233096e-01   0.4039034827080107e+00   0.4533436473015636e+01
       679.000   0.1656378483078775e-01   0.4045901645760056e+00   0.4747009442551711e+01
       680.000   0.1689119941287688e-01   0.4052672969295786e+00   0.4966758685511344e+01
       681.000   0.1742533971809711e-01   0.4059264345954671e+00   0.5188598955134848e+01
       682.000   0.1797577175662966e-01   0.4065595058948678e+00   0.5415406868294487e+01
       683.000   0.1858623715948837e-01   0.4071589950265457e+00   0.5651373762899556e+01
       684.000   0.1928938151550528e-01   0.4077197720013667e+00   0.5887157721829567e+01
       685.000   0.1998437918405914e-01   0.4082369989923830e+00   0.6129830927667338e+01
       686.000   0.2077262195795541e-01   0.4087091227153039e+00   0.9482226753761491e-01
       687.000   0.2154835270251387e-01   0.4091329629171707e+00   0.3453941575821959e+00
       688.000   0.2230632991246602e-01   0.4095078106559925e+00   0.5982905025711664e+00
       689.000   0.2322700915100523e-01   0.4098347628943892e+00   0.8575559954323495e+00
       690.000   0.2395443065086466e-01   0.4101137865531506e+00   0.1116671554772260e+01
       691.000   0.2482133118734348e-01   0.4103423128825362e+00   0.1379269556733312e+01
       692.000   0.2567513243197660e-01   0.4105209034429775e+00   0.1643783899983009e+01
       693.000   0.2646311657514899e-01   0.4106459017971170e+00   0.1910624431114478e+01
       694.000   0.2727816688544927e-01   0.4107133180653752e+00   0.2179772264444644e+01
       695.000   0.2810821496708944e-01   0.4107200628335810e+00   0.2447304641805923e+01
       696.000   0.2887580627623995e-01   0.4106594976984748e+00   0.2721674913248531e+01
       697.000   0.2966805977399999e-01   0.4105248557071275e+00   0.2993321522677695e+01
       698.000   0.3041941913162133e-01   0.4103135964893911e+00   0.3266705646108498e+01
       699.000   0.3118964662231710e-01   0.4100189091216357e+00   0.3543667290345635e+01
       700.000   0.3191584154162946e-01   0.4096408595070047e+00   0.3819471433491529e+01
       701.000   0.3260500149482384e-01   0.4091820410631914e+00   0.4097238589777282e+01
       702.000   0.3335633043020433e-01   0.4086457292246938e+00   0.4376543229029286e+01
       703.000   0.3400490190444761e-01   0.4080407516462149e+00   0.4656187135462373e+01
       704.000   0.3466045588907005e-01   0.4073802389362312e+00   0.4938296675005693e+01
       705.000   0.3533530914081207e-01   0.4066767530325464e+00   0.5219416151158848e+01
       706.000   0.3596197616080929e-01   0.4059481255574476e+00   0.5503210864810560e+01
       707.000   0.3655025035472827e-01   0.4052150689508436e+00   0.5788670941666934e+01
       708.000   0.3715626846220822e-01   0.4044949969239518e+00   0.6071840647451370e+01
       709.000   0.3774061738142339e-01   0.4038103152031809e+00   0.7693331762803624e-01
       710.000   0.3827807286075234e-01   0.4031826469421970e+00   0.3635696241308173e+00
       711.000   0.3881899036449583e-01   0.4026305802543483e+00   0.6512621880685154e+00
       712.000   0.3931577811703674e-01   0.4021763183843793e+00   0.9405974472570211e+00
       713.000   0.3985747860228676e-01   0.4018406246155279e+00   0.1230029906246869e+01
       714.000   0.4024487666715987e-01   0.4016369092340158e+00   0.1520567751646651e+01
       715.000   0.4074588828752147e-01   0.4015811227303793e+00   0.1810541038761068e+01
       716.000   0.4115299375585095e-01   0.4016822896995640e+00   0.2102376645060524e+01
       717.000   0.4150554641092721e-01   0.4019418951947678e+00   0.2394091450560961e+01
       718.000   0.4189900587805812e-01   0.4023610033741636e+00   0.2685711147302667e+01
       719.000   0.4221960113583620e-01   0.4029310973141983e+00   0.2977239630887137e+01
       720.000   0.4251845755275251e-01   0.4036353800020423e+00   0.3270867478645478e+01
       721.000   0.4278256169552185e-01   0.4044572204883172e+00   0.3561811405510960e+01
       722.000   0.4301498737132620e-01   0.4053681560294637e+00   0.3854355085240816e+01
       723.000   0.4326493500945828e-01   0.4063401821761536e+00   0.4147202082759867e+01
       724.000   0.4337522509847907e-01   0.4073431665589095e+00   0.4438726401665621e+01
       725.000   0.4354005666035898e-01   0.4083417323845018e+00   0.4730901583312298e+01
       726.000   0.4369279310512311e-01   0.4093017843063234e+00   0.5023518426000496e+01
       727.000   0.4370264080860622e-01   0.4101913047387211e+00   0.5314988186805302e+01
       728.000   0.4380560277062761e-01   0.4109761645593559e+00   0.5607929708047239e+01
       729.000   0.4380019167584438e-01   0.4116276319981775e+00   0.5898502797347977e+01
       730.000   0.4380115789493816e-01   0.4121205832847393e+00   0.6192110462708628e+01
       731.000   0.4373968764553789e-01   0.4124317888759458e+00   0.2004008177629428e+00
       732.000   0.4364349135334176e-01   0.4125472265889565e+00   0.4919522292832141e+00
       733.000   0.4353848995317681e-01   0.4124569639462541e+00   0.7863168942859105e+00
       734.000   0.4335934749109384e-01   0.4121551887221770e+00   0.1078417632687296e+01
       735.000   0.4312084730587721e-01   0.4116488398070494e+00   0.1372614634206702e+01
       736.000   0.4294927400078565e-01   0.4109474823652203e+00   0.1667128022087964e+01
       737.000   0.4259394557121608e-01   0.4100684754505492e+00   0.1962675342621967e+01
       738.000   0.4228384705078111e-01   0.4090394801112860e+00   0.2259359754313091e+01
       739.000   0.4194883595419955e-01   0.4078884348430777e+00   0.2555826363677644e+01
       740.000   0.4151584150102852e-01   0.4066500661545256e+00   0.2854969713063370e+01
       741.000   0.4107233648332923e-01   0.4053666532393884e+00   0.3154906042417273e+01
       742.000   0.4057345482244522e-01   0.4040783766854532e+00   0.3453767032108729e+01
       743.000   0.4007220553578973e-01   0.4028281915001481e+00   0.3757362829675464e+01
       744.000   0.3946769955837418e-01   0.4016614739968686e+00   0.4059476193623975e+01
       745.000   0.3884331138962204e-01   0.4006141961864126e+00   0.4362914672853181e+01
       746.000   0.3820573867550883e-01   0.3997245626973481e+00   0.4669008776345619e+01
       747.000   0.3751496013476360e-01   0.3990251736077253e+00   0.4974118913862274e+01
       748.000   0.3674386222559943e-01   0.3985375250763302e+00   0.5282129854282003e+01
       749.000   0.3599953034831871e-01   0.3982820208499303e+00   0.5588379106727029e+01
       750.000   0.3521438190596713e-01   0.3982706668035955e+00   0.5897638138781632e+01
       751.000   0.3431933957976760e-01   0.3985022174137220e+00   0.6206755769264156e+01
       752.000   0.3349839448429106e-01   0.3989739143376908e+00   0.2311197838385919e+00
       753.000   0.3255851614731860e-01   0.3996731244603527e+00   0.5416076937427619e+00
       754.000   0.3163689049552994e-01   0.4005761429619489e+00   0.8514378626816139e+00
       755.000   0.3064552961503409e-01   0.4016570979903019e+00   0.1160099568683053e+01
       756.000   0.2965242284828518e-01   0.4028831255124183e+00   0.1470111574123674e+01
       757.000   0.2864277128199143e-01   0.4042115780171013e+00   0.1780673074235846e+01
       758.000   0.2754140423731770e-01   0.4056063770635750e+00   0.2089868260763510e+01
       759.000   0.2647699878765458e-01   0.4070226413657498e+00   0.2401224274524887e+01
       760.000   0.2539725616356065e-01   0.4084185736216049e+00   0.2710414673913878e+01
       761.000   0.2422064499677893e-01   0.4097612674454064e+00   0.3024486927943028e+01
       762.000   0.2310921035947525e-01   0.4110135948279622e+00   0.3335250490204029e+01
       763.000   0.2195090042067419e-01   0.4121440718189863e+00   0.3648711905063835e+01
       764.000   0.2078453073115048e-01   0.4131325794038790e+00   0.3965936578191904e+01
       765.000   0.1961729781843568e-01   0.4139561130475922e+00   0.4281902572332136e+01
       766.000   0.1840629896714100e-01   0.4145993813358834e+00   0.4600842872239954e+01
       767.000   0.1732672045163072e-01   0.4150550842219509e+00   0.4925483090844972e+01
       768.000   0.1607599144218628e-01   0.4153137997999146e+00   0.5250485326480574e+01
       769.000   0.1494999448607598e-01   0.4153738741296629e+00   0.5581190936154794e+01
       770.000   0.1384824048897839e-01   0.4152406577612309e+00   0.5916526798778208e+01
       771.000   0.1268396374537486e-01   0.4149179559135253e+00   0.6261478006526598e+01
       772.000   0.1161181783896058e-01   0.4144189541648602e+00   0.3288767264384758e+00
       773.000   0.1057116114371001e-01   0.4137621241825253e+00   0.6879155125573480e+00
       774.000   0.9562834759603152e-02   0.4129637494607203e+00   0.1069797577343540e+01
       775.000   0.8654602747704389e-02   0.4120487915813808e+00   0.1457886481715079e+01
       776.000   0.7764834773609527e-02   0.4110418680722203e+00   0.1874465395443719e+01
       777.000   0.7104713848631138e-02   0.4099673199723832e+00   0.2310161480892353e+01
       778.000   0.6554143952634724e-02   0.4088494532962091e+00   0.2779622135171923e+01
       779.000   0.6173910570960631e-02   0.4077141382495911e+00   0.3270749130984777e+01
       780.000   0.6119868809614029e-02   0.4065777883120457e+00   0.3764794808337838e+01
       781.000   0.6242707288325904e-02   0.4054592195044837e+00   0.4270204113784319e+01
       782.000   0.6658693361660664e-02   0.4043736077114853e+00   0.4748828751810180e+01
       783.000   0.7164620104336849e-02   0.4033309695800267e+00   0.5204207013986075e+01
       784.000   0.7863025842608421e-02   0.4023439998356635e+00   0.5630369857074665e+01
       785.000   0.8680247105565215e-02   0.4014228148747793e+00   0.6034750326802085e+01
       786.000   0.9425949183044992e-02   0.4005735422339226e+00   0.1418799208306094e+00
       787.000   0.1031637324233137e-01   0.3998077564437129e+00   0.5066443224375483e+00
       788.000   0.1116833879082342e-01   0.3991342497273828e+00   0.8674909742559791e+00
       789.000   0.1202147031645579e-01   0.3985641678194337e+00   0.1221215074642654e+01
       790.000   0.1288267664932560e-01   0.3981070542763862e+00   0.1561360043545696e+01
       791.000   0.1368577403466577e-01   0.3977737078767897e+00   0.1900198639786826e+01
       792.000   0.1456809075050689e-01   0.3975709937291813e+00   0.2234458863722160e+01
       793.000   0.1532065374909340e-01   0.3975063501693826e+00   0.2563728268010011e+01
       794.000   0.1610059111155311e-01   0.3975847594869786e+00   0.2891620833919274e+01
       795.000   0.1688512162997360e-01   0.3978092026092012e+00   0.3212798524765619e+01
       796.000   0.1759522398891611e-01   0.3981819440004662e+00   0.3537805323868183e+01
       797.000   0.1828706954503714e-01   0.3987022956355015e+00   0.3857299158939748e+01
       798.000   0.1899646822810932e-01   0.3993700682061773e+00   0.4171217048459487e+01
       799.000   0.1962708656949397e-01   0.4001812403231085e+00   0.4491974473581410e+01
       800.000   0.2026108304383703e-01   0.4011346733713521e+00   0.4803252425796987e+01
       801.000   0.2083165705336739e-01   0.4022232346207649e+00   0.5116448506059463e+01
       802.000   0.2144156982674405e-01   0.4034375749689305e+00   0.5427263035333840e+01
       803.000   0.2196527169708114e-01   0.4047666704600764e+00   0.5736864963995799e+01
       804.000   0.2242643059255705e-01   0.4061895523700345e+00   0.6043952071077763e+01
       805.000   0.2297858601431847e-01   0.4076808825007814e+00   0.6665415881789549e-01
       806.000   0.2335517058296273e-01   0.4092141672437970e+00   0.3712831376958734e+00
       807.000   0.2377401204428673e-01   0.4107536884138372e+00   0.6749602664133203e+00
       808.000   0.2413758482379885e-01   0.4122645024586067e+00   0.9755702168655827e+00
       809.000   0.2445140031606095e-01   0.4137081076342898e+00   0.1277053935577141e+01
       810.000   0.2476594551847914e-01   0.4150457945476308e+00   0.1577377024697298e+01
       811.000   0.2498271652991804e-01   0.4162409034591698e+00   0.1875431148720239e+01
       812.000   0.2520949085269655e-01   0.4172631155939749e+00   0.2173553632158915e+01
       813.000   0.2544887060619782e-01   0.4180781170151504e+00   0.2472516418268686e+01
       814.000   0.2550933240265569e-01   0.4186635747659114e+00   0.2769056847552640e+01
       815.000   0.2571975111057421e-01   0.4189983423521309e+00   0.3065468858003221e+01
       816.000   0.2579140683594402e-01   0.4190614041859415e+00   0.3363134547408162e+01
       817.000   0.2584456536145061e-01   0.4188439192045195e+00   0.3659954734354399e+01
       818.000   0.2592125737126119e-01   0.4183408905893131e+00   0.3956733703275326e+01
       819.000   0.2593780335617388e-01   0.4175499907717853e+00   0.4251974036127929e+01
       820.000   0.2594038699390736e-01   0.4164814048730463e+00   0.4552361946594072e+01
       821.000   0.2589208267743763e-01   0.4151506820318596e+00   0.4846712848910739e+01
       822.000   0.2585341002358059e-01   0.4135786370189588e+00   0.5145722356639071e+01
       823.000   0.2577386266240041e-01   0.4117994878641419e+00   0.5445163640648106e+01
       824.000   0.2562389514643760e-01   0.4098540013248018e+00   0.5743044934388764e+01
       825.000   0.2547276693818136e-01   0.4077850434440681e+00   0.6045132322946210e+01
       826.000   0.2533621426671469e-01   0.4056518246122832e+00   0.6230810188488256e-01
       827.000   0.2508139915673474e-01   0.4035103898962409e+00   0.3665663947364095e+00
       828.000   0.2485027247494121e-01   0.4014151831141418e+00   0.6710614261548322e+00
       829.000   0.2459966230632268e-01   0.3994324793503961e+00   0.9748569484876635e+00
       830.000   0.2429887766210415e-01   0.3976170355082413e+00   0.1284970884348597e+01
       831.000   0.2397633836193889e-01   0.3960187242071784e+00   0.1592259824253785e+01
       832.000   0.2360826128464826e-01   0.3946904019222033e+00   0.1900811833756343e+01
       833.000   0.2327731636780494e-01   0.3936683921135071e+00   0.2215276140657474e+01
       834.000   0.2283158435737824e-01   0.3929766363283957e+00   0.2525871427111145e+01
       835.000   0.2242903567276655e-01   0.3926427482113042e+00   0.2840295542953259e+01
       836.000   0.2200663166752102e-01   0.3926702662614509e+00   0.3155755285488750e+01
       837.000   0.2153274041003849e-01   0.3930558171992137e+00   0.3470793534339138e+01
       838.000   0.2104905124843938e-01   0.3937920624802855e+00   0.3790420643490555e+01
       839.000   0.2059131473120703e-01   0.3948499871396164e+00   0.4103623403817463e+01
       840.000   0.2008211171980262e-01   0.3961951359653990e+00   0.4425566183940785e+01
       841.000   0.1955251186942156e-01   0.3977898042470995e+00   0.4743297654425748e+01
       842.000   0.1903120204830527e-01   0.3995779273798697e+00   0.5061248308531376e+01
       843.000   0.1847545441191204e-01   0.4015038681418430e+00   0.5382702180670558e+01
       844.000   0.1794285627885043e-01   0.4035115863603623e+00   0.5703713197159926e+01
       845.000   0.1728667024425029e-01   0.4055372839615872e+00   0.6025901066848352e+01
       846.000   0.1675878213550029e-01   0.4075197904329147e+00   0.6662427096865642e-01
       847.000   0.1614716579843161e-01   0.4094097198975001e+00   0.3939243117955211e+00
       848.000   0.1548287634655402e-01   0.4111532084863960e+00   0.7245544124537284e+00
       849.000   0.1491724644715982e-01   0.4127109719660725e+00   0.1055042391138379e+01
       850.000   0.1430699793570946e-01   0.4140537191949620e+00   0.1394570907229175e+01
       851.000   0.1368002095890840e-01   0.4151529461960085e+00   0.1738540144343810e+01
       852.000   0.1314024976170558e-01   0.4159945013392025e+00   0.2083006115933504e+01
       853.000   0.1255520180356341e-01   0.4165709928313535e+00   0.2441678706544469e+01
       854.000   0.1211453901812927e-01   0.4168762154257707e+00   0.2802277662372672e+01
       855.000   0.1161689143634576e-01   0.4169184155554397e+00   0.3173332247329320e+01
       856.000   0.1125069499960447e-01   0.4167074691528696e+00   0.3548560573618136e+01
       857.000   0.1099988408125318e-01   0.4162542646135354e+00   0.3932756839402646e+01
       858.000   0.1072315733593671e-01   0.4155820577756488e+00   0.4325091477649504e+01
       859.000   0.1066498656947544e-01   0.4147175301331396e+00   0.4718327268909459e+01
       860.000   0.1061188593239503e-01   0.4136869996352551e+00   0.5113894931130210e+01
       861.000   0.1074981751380934e-01   0.4125280771181866e+00   0.5517744198504484e+01
       862.000   0.1093052487518628e-01   0.4112776576925337e+00   0.5913790475925627e+01
       863.000   0.1121445721807255e-01   0.4099716639059300e+00   0.2626780868294176e-01
       864.000   0.1168378390143601e-01   0.4086500418406166e+00   0.4185722508265073e+00
       865.000   0.1214682119005113e-01   0.4073471449161419e+00   0.8061657079414228e+00
       866.000   0.1273898164389315e-01   0.4060968632806534e+00   0.1188710462323631e+01
       867.000   0.1343367864939950e-01   0.4049263921042194e+00   0.1558818531074866e+01
       868.000   0.1416766707790671e-01   0.4038590779292303e+00   0.1932860690888718e+01
       869.000   0.1497725002951643e-01   0.4029105924966455e+00   0.2294268731493349e+01
       870.000   0.1583122149694548e-01   0.4020941640689291e+00   0.2649357323735712e+01
       871.000   0.1675092030237214e-01   0.4014144841569559e+00   0.3003684815141844e+01
       872.000   0.1770322582842476e-01   0.4008759940236794e+00   0.3348621479595631e+01
       873.000   0.1863566357536785e-01   0.4004791824061982e+00   0.3693332888708848e+01
       874.000   0.1966215240814372e-01   0.4002220088450205e+00   0.4028944795420374e+01
       875.000   0.2069135363381254e-01   0.4000994351888352e+00   0.4365265531673361e+01
       876.000   0.2164151531707605e-01   0.4001065038021169e+00   0.4698248807292309e+01
       877.000   0.2271745794957212e-01   0.4002367348880875e+00   0.5024220818409583e+01
       878.000   0.2370185182260813e-01   0.4004834918486752e+00   0.5352373044513717e+01
       879.000   0.2473083154005871e-01   0.4008360362955264e+00   0.5676563622290278e+01
       880.000   0.2570645788260775e-01   0.4012855544448966e+00   0.5998412035153562e+01
       881.000   0.2669695714635775e-01   0.4018176535471661e+00   0.3553956100479283e-01
       882.000   0.2771677509938460e-01   0.4024198407226139e+00   0.3552081298382106e+00
       883.000   0.2861233995151108e-01   0.4030798817272345e+00   0.6718282178406589e+00
       884.000   0.2959139834020285e-01   0.4037849854581210e+00   0.9885316248126719e+00
       885.000   0.3053456761766799e-01   0.4045234415333043e+00   0.1302308814393261e+01
       886.000   0.3140031635159347e-01   0.4052841462047550e+00   0.1617470846145974e+01
       887.000   0.3230303030409886e-01   0.4060582822384514e+00   0.1928761975302956e+01
       888.000   0.3315220381609612e-01   0.4068349843457524e+00   0.2240088639152477e+01
       889.000   0.3400036682395927e-01   0.4076093721110442e+00   0.2552025580095761e+01
       890.000   0.3481699402666474e-01   0.4083702177108559e+00   0.2860723389802366e+01
       891.000   0.3554883521253181e-01   0.4091077330801312e+00   0.3168745777590153e+01
       892.000   0.3640690057844620e-01   0.4098092744442791e+00   0.3477333771106594e+01
       893.000   0.3704479611582943e-01   0.4104575021770870e+00   0.3783376469529634e+01
       894.000   0.3777152542087758e-01   0.4110359012247906e+00   0.4088708831583411e+01
       895.000   0.3844700668362948e-01   0.4115283487465865e+00   0.4392962593635187e+01
       896.000   0.3900611587284506e-01   0.4119146076383583e+00   0.4697135177909966e+01
       897.000   0.3959695428657461e-01   0.4121794644902366e+00   0.5000593543095094e+01
       898.000   0.4010820057351926e-01   0.4123076017458331e+00   0.5301496170304851e+01
       899.000   0.4057609178648349e-01   0.4122866525298209e+00   0.5605153001867060e+01
       900.000   0.4101430503311380e-01   0.4121078881537444e+00   0.5906025152337977e+01
       901.000   0.4134757248970505e-01   0.4117708728676121e+00   0.6207094237912956e+01
       902.000   0.4174153162741839e-01   0.4112720838634537e+00   0.2251958434740624e+00
       903.000   0.4199189414589335e-01   0.4106175167236678e+00   0.5263124636794156e+00
       904.000   0.4219712519731857e-01   0.4098122660196326e+00   0.8268377657741208e+00
       905.000   0.4246033028647305e-01   0.4088664683326769e+00   0.1128018132724715e+01
       906.000   0.4256100645991472e-01   0.4077987406910150e+00   0.1428769803656332e+01
       907.000   0.4268282135376408e-01   0.4066281946156431e+00   0.1730392162671201e+01
       908.000   0.4272959853881137e-01   0.4053815156649700e+00   0.2030939027482995e+01
       909.000   0.4277226217721690e-01   0.4040914223216899e+00   0.2332784040247189e+01
       910.000   0.4274282303880327e-01   0.4027919212262668e+00   0.2635666381036451e+01
       911.000   0.4266725028444035e-01   0.4015239073996815e+00   0.2935768353750465e+01
       912.000   0.4259199376284276e-01   0.4003320554210343e+00   0.3239312562273703e+01
       913.000   0.4243404393188201e-01   0.3992597895723082e+00   0.3541448106074034e+01
       914.000   0.4224861937774053e-01   0.3983507443661297e+00   0.3843300487940909e+01
       915.000   0.4200726287150192e-01   0.3976457990737948e+00   0.4146141542513174e+01
       916.000   0.4176633654294024e-01   0.3971765576271487e+00   0.4447463438708034e+01
       917.000   0.4139773870177348e-01   0.3969704329714498e+00   0.4750861409540008e+01
       918.000   0.4106077196986428e-01   0.3970466438702326e+00   0.5051454116728858e+01
       919.000   0.4067314696001566e-01   0.3974108202687941e+00   0.5352301089497911e+01
       920.000   0.4019982424243977e-01   0.3980653475623563e+00   0.5654226952152603e+01
       921.000   0.3972853374519954e-01   0.3989961887899380e+00   0.5952870217467924e+01
       922.000   0.3920907093142275e-01   0.4001815307670730e+00   0.6251267039156436e+01
       923.000   0.3867986534263136e-01   0.4015939069727234e+00   0.2674772011781723e+00
       924.000   0.3804656728133218e-01   0.4031981700833174e+00   0.5621226278991873e+00
       925.000   0.3743942662764806e-01   0.4049494483992251e+00   0.8585983861086852e+00
       926.000   0.3682969675656803e-01   0.4068053784139535e+00   0.1152047409991283e+01
       927.000   0.3611224496289758e-01   0.4087112282163773e+00   0.1444842173305804e+01
       928.000   0.3540494919544388e-01   0.4106118004607666e+00   0.1735709065422563e+01
       929.000   0.3473375007283407e-01   0.4124534721947040e+00   0.2024250532103165e+01
       930.000   0.3392387415351975e-01   0.4141774509758565e+00   0.2313562574891684e+01
       931.000   0.3321503423540351e-01   0.4157297606012574e+00   0.2598724062647857e+01
       932.000   0.3237915558244214e-01   0.4170637219745107e+00   0.2882673022914705e+01
       933.000   0.3159815378085747e-01   0.4181295183250275e+00   0.3166573573780807e+01
       934.000   0.3075628780893987e-01   0.4188933422447153e+00   0.3447580893916690e+01
       935.000   0.2985946519755919e-01   0.4193302027087129e+00   0.3726976215295103e+01
       936.000   0.2903472475829562e-01   0.4194201872397553e+00   0.4006441726056478e+01
       937.000   0.2809593561698185e-01   0.4191594761990396e+00   0.4284015564083301e+01
       938.000   0.2714107924672416e-01   0.4185558962215800e+00   0.4561120208755167e+01
       939.000   0.2628687668477550e-01   0.4176190391344185e+00   0.4835275547148489e+01
       940.000   0.2526325578929808e-01   0.4163745136910721e+00   0.5111696606662143e+01
       941.000   0.2431338812566055e-01   0.4148536005553340e+00   0.5384657068533237e+01
       942.000   0.2334815263694388e-01   0.4130873324015680e+00   0.5656755792716129e+01
       943.000   0.2234592376489727e-01   0.4111243347585566e+00   0.5928594445617462e+01
       944.000   0.2137602939705403e-01   0.4090117071941071e+00   0.6200281457861556e+01
       945.000   0.2032879375318048e-01   0.4067961299044341e+00   0.1828220383665959e+00
       946.000   0.1939245187326758e-01   0.4045400612211106e+00   0.4530008724329173e+00
       947.000   0.1837524463665331e-01   0.4023033544007674e+00   0.7173352086824591e+00
       948.000   0.1738719341624054e-01   0.4001434643844184e+00   0.9786910953986876e+00
       949.000   0.1644811015015682e-01   0.3981300733369760e+00   0.1239552267453934e+01
       950.000   0.1551708255894838e-01   0.3963222527525070e+00   0.1492384792378328e+01
       951.000   0.1456634687619789e-01   0.3947709583106528e+00   0.1744828835825063e+01
       952.000   0.1372264989719050e-01   0.3935275938034920e+00   0.1983967449655989e+01
       953.000   0.1289142138994082e-01   0.3926260163400981e+00   0.2219827503323087e+01
       954.000   0.1206728451141029e-01   0.3920852815218219e+00   0.2447803042159205e+01
       955.000   0.1139854934702096e-01   0.3919219694925992e+00   0.2656469045063755e+01
       956.000   0.1075355647747088e-01   0.3921252801550590e+00   0.2861116429364181e+01
       957.000   0.1023175504712667e-01   0.3926791043194874e+00   0.3052492740465240e+01
       958.000   0.9849456101765557e-02   0.3935597323736071e+00   0.3223892603008546e+01
       959.000   0.9612935956557876e-02   0.3947296515513424e+00   0.3395688992537773e+01
       960.000   0.9555639276420289e-02   0.3961462151966356e+00   0.3556538540720913e+01
       961.000   0.9667590466432193e-02   0.3977728599601820e+00   0.3712946112888549e+01
       962.000   0.9930789775399532e-02   0.3995597077311138e+00   0.3878526129058237e+01
       963.000   0.1045082174824422e-01   0.4014605778667709e+00   0.4050504195682336e+01
       964.000   0.1097713883208410e-01   0.4034352273251809e+00   0.4230810160406674e+01
       965.000   0.1177219303950685e-01   0.4054351144034948e+00   0.4423896086151156e+01
       966.000   0.1260794465079695e-01   0.4074165015218244e+00   0.4630168887497877e+01
       967.000   0.1350773305339916e-01   0.4093431140718414e+00   0.4843887199953318e+01
       968.000   0.1453616860024999e-01   0.4111694361888548e+00   0.5070732884907700e+01
       969.000   0.1562331722634667e-01   0.4128591880419405e+00   0.5301362969710283e+01
       970.000   0.1669044168801184e-01   0.4143807624949765e+00   0.5546291455854020e+01
       971.000   0.1787193707847120e-01   0.4157023283344639e+00   0.5789742221617444e+01
       972.000   0.1908513430783030e-01   0.4168042887323927e+00   0.6042954028333885e+01
       973.000   0.2027351211679565e-01   0.4176743389509838e+00   0.1909906726849098e-01
       974.000   0.2153536321070420e-01   0.4183022981773319e+00   0.2768818179639680e+00
       975.000   0.2281272699003979e-01   0.4186884498434917e+00   0.5422987787665674e+00
       976.000   0.2410154264787013e-01   0.4188421693008197e+00   0.8116093879738564e+00
       977.000   0.2540864884598169e-01   0.4187695918539426e+00   0.1078804051721226e+01
       978.000   0.2670494100354148e-01   0.4184876022000069e+00   0.1353037407124376e+01
       979.000   0.2807740642707019e-01   0.4180095785011688e+00   0.1626189274327517e+01
       980.000   0.2936801864382595e-01   0.4173479572201740e+00   0.1903683549944221e+01
       981.000   0.3068893006361307e-01   0.4165152601224023e+00   0.2180851448801917e+01
       982.000   0.3207867700470965e-01   0.4155244920675268e+00   0.2459944844480887e+01
       983.000   0.3330490747492523e-01   0.4143857192508448e+00   0.2741760001481239e+01
       984.000   0.3466431434104742e-01   0.4131133202584198e+00   0.3023841519862795e+01
       985.000   0.3590370044030317e-01   0.4117229887888459e+00   0.3306871289283389e+01
       986.000   0.3718118930920747e-01   0.4102324143715478e+00   0.3593583380909713e+01
       987.000   0.3839057889972364e-01   0.4086615529809044e+00   0.3879983728726193e+01
       988.000   0.3956764820995384e-01   0.4070381147608565e+00   0.4167763039540390e+01
       989.000   0.4081223906497913e-01   0.4053855463081951e+00   0.4459088801509481e+01
       990.000   0.4190653292387773e-01   0.4037376043746918e+00   0.4749641770843238e+01
       991.000   0.4302304211570390e-01   0.4021220178585355e+00   0.5042931482371648e+01
       992.000   0.4418645874341313e-01   0.4005664617350119e+00   0.5336950744111157e+01
       993.000   0.4520050161523068e-01   0.3990975356022400e+00   0.5632624140531501e+01
       994.000   0.4627144836341227e-01   0.3977439114694609e+00   0.5929307517563476e+01
       995.000   0.4728657360044521e-01   0.3965281595258706e+00   0.6226125176687447e+01
       996.000   0.4825099721158162e-01   0.3954757897667761e+00   0.2423223965080412e+00
       997.000   0.4924043196528245e-01   0.3946139803724333e+00   0.5416976816645684e+00
       998.000   0.5009314189694868e-01   0.3939593075034008e+00   0.8409806158799524e+00
       999.000   0.5102975760349131e-01   0.3935356468043524e+00   0.1141869175166551e+01
      1000.000   0.5183713170414291e-01   0.3933641780960856e+00   0.1443601206529882e+01
